(cd /tmp/dilithium/ref && export CC=g++ && make shared)
make[1]: Entrando no diretório '/tmp/dilithium/ref'

make[1]: Nada a ser feito para 'shared'. 
make[1]: Saindo do diretório '/tmp/dilithium/ref'

g++ tests/test_message_signing.cc -Iinclude -Isrc -lcryptopp -fpermissive -Itests -Dpq_crystal_dilithium=/tmp/dilithium -L/tmp/dilithium/ref -Wl,-rpath=/tmp/dilithium/ref -lpqcrystals_dilithium2_ref -lpqcrystals_fips202_ref -lpqcrystals_aes256ctr_ref -lcrypto --verbose -o out/test_message_signing;  g++ tests/test_key_generation.cc -Iinclude -Isrc -lcryptopp -fpermissive -Itests -Dpq_crystal_dilithium=/tmp/dilithium -L/tmp/dilithium/ref -Wl,-rpath=/tmp/dilithium/ref -lpqcrystals_dilithium2_ref -lpqcrystals_fips202_ref -lpqcrystals_aes256ctr_ref -lcrypto --verbose -o out/test_key_generation;
./out/test_message_signing;  ./out/test_key_generation;
6564087 667030 5571950 798518
1947486 3230941 7151449 5120279
480699 3893495 1110561 4396790
5815212 180427 510115 4285692
5515924 6269912 3974933 552499
1376748 2531738 1804082 7363403
3563873 7278169 6860687 6031558
5067180 770190 3971900 4050508
707472 521584 7250323 4814865
2395136 1463982 6570366 158987
410200 5372400 5143520 6621225
2324154 4209230 4778988 2103513
7651748 5171336 6449668 1263323
540515 4246683 5333073 7181479
1836186 2516370 6229205 1646150
6368387 4445684 2138429 338819
4678925 2387679 3879952 3655689
5121271 7184492 779019 7087442
3663607 1478539 6053185 3112165
6599342 3082016 1745295 8086306
551662 3364311 112839 3614042
7343854 6903215 5773061 3839997
1819788 1869377 5261702 3037863
4963900 5385580 4183512 142832
6824169 2561573 6021115 3754704
522811 8090789 2816414 7409706
6693513 2972466 8333476 7351208
6638288 5763954 4347099 7203792
3523962 6199205 5335160 4239965
1355356 488318 2061436 7731177
6551406 4746049 2415492 8006345
2939079 7018189 2596359 1300444
6510141 2804800 7067475 4329882
5250800 8145753 2065593 8101306
2468368 1858015 6337521 512934
4766187 8034918 6273378 8324982
4230731 5316583 6365112 5794105
771382 2394225 6324832 468726
67179 6109442 6917186 1587029
1288514 3604970 2111202 6517983
7410199 1561337 3908994 7100282
110398 4498567 4416595 8360082
1451289 1763054 6662879 7523532
5489811 4099978 7209796 5958870
3426140 6506196 528545 6112244
3830600 4728086 7321524 324959
1467442 4591016 6035242 5649659
7397836 5119424 4511663 753142
794608 5709673 7545854 7739836
6943568 1348591 115094 6833716
2189019 2190821 5176497 113894
2258900 1808115 7893615 3837083
6169739 6232613 7170225 6640791
1600420 4624067 5297837 1603113
1676135 4600373 5400656 2081660
7602937 4829357 4135879 1976887
1645446 5958641 5655844 712837
5006584 3010460 8003949 7744617
6314926 7077978 4666430 211798
2142909 4986121 934020 7763810
776154 2848093 4094385 1564723
207661 2094525 6832040 378989
262433 5228475 2409864 6174632
8305130 6257524 4321026 7413303
7408239 5041149 4330514 2285803
1301379 523661 255815 4667441
6196208 920165 7024998 3123531
1557626 3313771 1507458 5296016
6727851 4124411 140970 6388812
5164624 5877450 347947 2060447
5208712 4538016 6488887 3203905
4124758 1565825 2429199 6809511
4366665 6671330 5579741 497619
6117555 6703550 7330891 6015839
7459244 647487 5113093 7903521
7826098 4764124 5283102 3825189
3049736 7977525 215115 6375964
6687835 1184337 3234278 1191827
3818041 6959979 6315218 8200181
3012985 1542360 2796159 5667665
286977 1270008 264079 5816608
8331426 3869081 253966 63650
5366188 5495996 1111767 716957
7150483 5530650 2343719 1204447
4675827 6470437 7384109 2920284
8135844 1089569 5530583 2235155
244649 4611486 5508263 6393209
5825869 2588907 7663928 5560975
5304597 5504849 2044176 6454844
5900343 6488337 1458833 4826118
6778014 7822210 7921815 3354137
4606031 5326161 6877681 475415
6728926 2095611 6767291 7886225
4488418 455561 667485 6884801
6912530 730041 4084075 5782260
5940416 6509056 7423967 3660394
7284572 5368887 4086710 7349939
1331480 1753644 1738203 6992680
4087435 2336686 5888272 229008
6237527 455483 3969670 7943661
2279511 2234168 5271049 6750250
5741032 2339232 4489090 6382974
3842786 908607 1099463 2030747
3979603 3182611 2926182 713269
2437680 2189377 5420532 1403920
4777631 7151295 7818485 4266226
5798898 7084405 1148488 6387982
1275263 7712784 5060773 6811078
6854873 5811743 4151094 2274248
3530734 7492540 8331019 2230971
640939 7126440 1641734 3273166
2582123 2798253 3434267 4333003
8338621 100994 1497994 8098044
6962165 4448858 8114290 5117940
4106148 3622289 587610 663910
4886874 2998313 2403846 3566161
6352535 4613392 5440903 7174991
1584790 4078515 7479457 6086136
5408392 1733541 1065432 3578209
8138015 7441066 1393023 5831983
4507138 2450045 3015052 2939054
4942432 7836470 879122 5247974
4704524 6690468 4675705 770922
7493173 2422873 6148943 4510270
8317532 1519454 4016612 4139775
647584 2462481 3093708 5264527
7397891 4245378 1753544 4414319
6498939 183551 6270025 7559147
4218669 6450381 1956292 6344397
6809858 1722768 7468947 2782777
3624846 3450926 469585 1257329
438493 7341056 1880267 5843798
1459697 5089113 4504285 6864548
7622434 5415751 2541040 194311
3515112 1932654 2555533 281782
2289912 178157 7660207 419596
4997546 7682209 2845570 6723061
7546536 2772156 5483487 5090660
1396452 6380168 556090 2491974
5463119 8328702 3787068 997794
7086294 6725359 4892241 5529661
4271592 4193911 6803904 3820094
1311368 1066920 27082 1128417
4018795 5252627 7190592 1183802
2076220 6152823 2278409 712176
3464940 1571574 7663150 3755450
2653509 6019592 384413 2235268
970067 2976787 3508489 2284613
5802352 4282195 8365692 6715789
6045545 4034658 5930244 740517
5767356 5371886 1533342 5890485
6587713 2776703 505064 4393444
1990125 176646 667144 276976
2142762 2527652 2507700 3268266
62615 7333429 8255467 5789979
3699304 5016082 354143 4541741
5597057 7413780 3817794 8342374
5285859 2916888 2749752 676939
388957 8071817 767422 8136440
5175906 4907440 6737250 1275690
8284466 6507463 5023844 3144217
1747601 1581487 7618171 1392548
2201665 5232412 5566107 5457320
6611449 5296103 6444455 5673799
3077125 1736451 3741930 3976476
7007051 4028253 6384686 1491317
1313636 7340419 1878511 7025445
1510596 401733 7848858 4345140
2401340 1718880 3294079 187383
6404227 5122626 7762328 5813353
3958232 368318 7008601 1107624
3842849 1737583 7105829 4455280
1462977 6508061 452347 4003387
5113387 1316395 124252 4835324
4729873 976323 3518671 1309068
7142225 1630380 3691180 2690545
6861876 1797819 4958199 7847548
2775176 4938970 5658608 3967893
2428841 2338625 2194275 5188432
4226572 6505922 8068224 6444332
4398526 4423701 2455864 5960163
6525050 2279434 6197916 2436336
3164632 4760720 690152 6552193
7400744 3278004 8350237 5703224
2315127 7907855 4763680 4309209
4798624 1327822 6506209 6922801
1980337 708430 4938236 1343546
7567081 4055398 2668391 7738968
4952692 6742462 6092560 1549690
5927761 3420417 2972747 465947
3815967 1905326 3273348 3940567
6053198 2432059 3207913 7111758
4256016 3376402 512612 7586007
1989357 1385814 1890636 4868203
3016761 3353346 2805833 7914378
7694227 4908195 5245005 4407630
1688597 4023913 7188892 1947479
4742915 7666701 5752155 2010623
1949530 224925 7028143 7812852
4370877 3888317 1747433 417909
7740627 85091 1582504 4953195
1610621 512640 6735945 7376091
5324225 4029607 84658 1788435
3090563 2207739 7547238 6990974
797706 2811964 2909912 4113490
4344759 6869370 3044251 7217210
4844087 7486303 6901768 2342836
2532578 7222718 6483415 8152923
3265875 5702990 5349877 2117189
8263076 1942258 5642411 3331617
7294631 950647 8325001 5901220
264750 642815 7481899 3439662
2868375 4651629 3728596 4937125
7191331 2039383 3883558 1458753
2841920 6008154 5862110 2325872
3112659 1713401 8167484 3108365
7485928 1347993 5848332 7724917
8199978 1082182 4397609 6633725
6800970 8255341 3082103 1871901
4451295 3751231 3490874 2624794
5232625 7414942 4620408 4415105
2293792 1312052 6389228 3895822
3571670 5084789 7467043 5004247
5544051 3805177 7838909 7708788
3001583 4851321 789767 4582448
6821975 3239452 5005667 2979307
7130094 734712 7454682 227050
499047 3256060 3556226 895157
5232882 5289092 1877572 5568507
601074 1759121 6270869 3934628
2769464 1480142 6158579 8247024
7523379 1625891 4516713 6822364
8154186 6384871 4229840 355431
3868965 5238963 7892882 510540
392701 4716214 5180796 2485548
7467126 6261589 8035634 645107
6432830 26295 8218562 6170659
1940184 3252088 5775029 3291814
7888303 7664340 7052477 4408548
4420952 2184662 3063258 8267446
4412458 4543107 7289667 1307381
5513098 1585669 3186578 6718948
5376467 620746 5554221 230589
5613416 4132640 7110081 6915330
6495549 599617 930869 6602933
2446348 5491404 6357911 7238002
3646048 4106179 8176911 4595935
1080366 3552769 105086 4066990
376427 3894568 5894505 7277078
3165495 110017 1281230 2164055
2549162 2299367 1719780 3911726
8151449 5646420 7019975 1051354
1620393 781778 3242801 6866928
2733816 3430428 5615835 3202840
6514860 2798113 3296391 2848229
2615902 4979044 2387692 6248851
8380411 4 0 2
5 8380416 8380407 8380415
2 12 1 3
8380390 8380402 16 3
6 11 1 8380408
9 8380404 12 22
8380416 8380407 2 8380407
8380411 8380398 0 8380416
3 8380401 8380413 8380411
11 8380414 8380412 8380409
1 7 8 8380413
6 6 13 8380405
8380416 5 3 8380409
6 2 7 3
8380414 0 4 2
7 0 8380400 8380410
8380410 8380414 1 8380408
8380413 12 8380416 7
8380409 4 8380408 4
8380409 10 8 8380408
8380412 8380413 8380410 8380411
6 7 10 2
11 8380412 8380405 8380415
8380408 8380409 8380413 8380412
8380407 8380413 7 3
8380405 8380416 1 4
1 10 2 3
8380408 1 13 9
8380407 11 8380412 13
3 3 1 3
9 8380414 8380403 6
8380416 8380413 6 8380412
9 8380408 3 8380411
6 8380414 8380411 8380412
3 8380414 9 8380415
8 8380401 9 8380411
8380408 2 0 8380403
2 8380411 9 7
8380415 8380409 8380415 8380401
6 8380406 8380411 8380409
8380416 8380413 15 8380405
12 12 8380415 5
1 8380405 8380413 8380415
8380411 2 0 12
5 8380414 8380411 4
8380416 1 0 7
4 9 8380410 8380413
7 8380409 5 8380404
8380412 15 8380413 8380408
8380414 2 8380409 8380409
8380413 6 8380415 8380405
8380405 9 4 10
5 8380408 8380410 12
8380411 8380409 4 8380416
2 12 1 8
9 8380395 12 8380408
0 15 4 8380406
4 1 2 1
10 6 19 8380408
5 14 5 11
20 8380411 9 8380413
2 8380411 1 8380404
9 8380412 12 11
4 8380411 8380411 8380413
10 8380406 8380412 8380412
4 9 0 5
8380416 17 8380402 5
13 8380409 1 3
8380414 8380414 8380416 8380416
8380412 8380415 8380409 0
8380415 6 8380403 8380405
6 8380396 8380416 8380411
8380410 5 11 9
8380408 0 20 8380397
11 8380412 8380414 6
8380415 8380414 8380406 1
8380412 8380410 0 8380408
9 12 8380405 8380412
8380413 0 8380411 1
8380409 4 1 8380414
8380403 6 8380416 8380403
6 9 1 7
7 8380410 7 8380409
8380408 10 8380413 1
8380410 8380410 6 8380399
2 4 3 1
8380410 8380415 3 8380410
8380415 8380401 3 8380409
8380408 6 8380410 8380409
13 2 10 5
3 4 8380414 12
8380410 10 2 8380415
8380402 11 8380410 11
8380400 4 0 11
8380411 8380416 8 13
8380411 8380412 8380403 4
3 5 4 7
8380414 8380404 8 1
8380416 8380413 8380407 8380406
8380410 8380412 8380407 8380408
3 8380405 1 1
2 8380408 3 8380413
8380400 8380407 4 8380404
4 8 8380414 8
3 8380415 1 8380413
8 8 8380409 8380412
8380399 0 8380411 8380415
4 8380403 2 6
12 1 8 12
9 14 8380409 3
6 8380400 8380410 8380395
13 2 8380400 2
8 2 8 8380409
4 16 19 8380403
8 7 2 2
2 8380402 8380409 0
21 5 21 3
7 10 8380416 8380411
8380410 8380414 8380390 8380403
7 8380414 8380409 9
8380392 18 13 8380411
7 19 20 6
0 13 0 10
8380412 8380415 2 8380405
8380415 8380412 1 0
8380407 8380414 8380413 14
8380416 8380409 8380416 8380414
8380413 8380416 8 8380410
12 1 0 8380408
8380408 13 8380410 13
5 6 11 8380402
15 8380410 1 1
8 15 8380408 0
8380407 8380405 9 8380410
4 8380408 8380413 2
8380406 8380415 4 8380416
13 4 7 8380404
8380416 8380412 3 8380401
8380413 8380408 8380400 8380410
3 11 6 2
17 8 0 8380408
13 8380404 15 8380407
0 8380408 1 10
15 3 8380414 8380415
9 3 5 4
8380414 17 2 1
8380413 4 2 8380408
8380414 6 8380400 8380416
8380400 3 11 8380411
6 8380412 8380413 9
2 8380413 8380409 8380413
8380412 8380408 8380414 1
8380399 2 3 1
8380390 8380409 12 8380414
8380412 8380413 8380415 9
8380401 9 3 14
8380394 5 10 5
5 8380409 0 12
1 4 3 7
3 8380413 4 8380409
8380410 8380413 8380407 18
8380409 1 9 8380415
13 8380405 3 0
8380416 8380416 8380409 8380408
1 8380403 14 3
10 8380410 8380398 8380413
8380415 6 8380416 8380407
6 8380411 0 8380408
18 8 0 8380413
5 0 8380403 6
19 8380407 11 2
13 29 8380413 6
8380414 8380405 8380404 7
4 8380411 8380412 3
5 10 8380406 4
8380416 8 3 8380404
8380415 2 9 7
4 6 4 8380407
8380416 8380416 8380395 8380415
8380406 8 8380414 4
8380415 8380407 13 0
2 8380414 8380401 7
8380405 8 1 8380412
8380407 8380414 6 0
8380416 20 8380411 2
2 4 14 8380401
8380416 9 8380407 1
8380406 8380414 5 8380399
8380415 0 2 9
13 8380406 8380414 8380407
8380412 8380416 5 8380401
4 8380412 5 8380413
13 7 9 8380416
0 8380416 8380399 8380411
5 8380409 13 4
1 5 1 8380402
3 8380409 8380401 8380415
8380410 5 22 8380411
6 2 8380406 3
5 8380395 8380410 12
8380407 1 8380407 8380413
14 8380415 8 8380415
8380407 4 4 8380413
13 13 8380411 13
8380414 12 14 8380406
8380409 12 8380416 8380409
8380413 7 5 8380410
7 8380412 8380415 8380404
8380413 2 3 2
8380412 8380405 3 8380413
8380405 8380416 2 8380413
5 8380404 8380397 8
8380413 5 8380413 8380410
8380410 8380415 20 8380416
8380414 8380415 3 8
8380416 0 8380400 8380408
8380414 8380409 8380410 8380413
8380415 12 0 8380399
8380415 8380410 8380414 15
0 8380405 13 4
3 0 8380406 8380416
0 8380402 8 0
8380413 8380416 3 16
11 8380406 8380410 8380400
8380416 8380400 8380414 8380413
8380404 8380412 8380412 8380409
8380414 8380402 8380405 8380407
3 7 8380408 8380415
2 8380415 2 6
8380414 4 10 5
2 3 3 14
8380416 1 8380405 4
8380414 7 0 8380416
8380404 8380397 8380415 8380410
8380413 8380407 8380413 8380411
5 19 5 8380410
5 8380416 8 8380413
3 8380413 8380405 8380413
4 5 8380407 8380409
9 2 8380402 8380405
14 8380413 8380415 8380408
8380415 8380413 8380410 3
0 8380413 1 8380405
8380406 8 8380416 8380409
8380403 12 14 14
3 8380406 8380413 8380413
3 8380407 8380412 1
8380411 12 4 8380411
11 6 8 8380416
11 8380414 13 8380415
8380412 8380410 8380414 1
8380408 1 3 8380407
8380411 8380414 10 7
8380404 8380415 8380409 8380416
8380413 8380410 8380412 8380411
1 9 8380399 8380416
88317 8285587 48494 36660
42841 8373471 8294244 8358170
8289722 84203 8348193 16115
8291272 8370395 8319124 8285434
8372879 8365006 8355605 8361533
43491 55719 89894 8315702
8325475 40547 3981 8317137
8305075 8353 8352573 50765
8326030 8330625 12695 53271
8299510 8320690 94595 8348948
29271 39401 984 8335406
38580 19016 17375 8421
33189 28803 8354306 8310500
8349534 56473 74 8324261
8311966 40338 8324306 8312389
83068 65012 43342 8338315
8297749 8292067 70671 36882
8359164 8327265 17164 40267
44799 8335240 8338763 64737
8313527 34582 31111 86827
8360692 8316380 8302799 8375649
8296169 46504 59131 30715
8295554 8345159 8309139 8370858
11845 52596 8373725 8332790
8347892 85545 8306677 8325838
8331848 91302 8339870 8362023
27272 8305449 8380416 8303526
8352474 50033 8346831 8346568
8285573 8294299 2173 49744
22105 8297340 8346748 8302567
75621 8364869 8319891 6851
82120 8351442 8310274 8347618
34356 8328266 20304 8329633
8298219 8336221 8350912 8291776
8372750 8333795 52200 8321961
4579 35446 8368474 8380416
40532 8364006 79800 80199
9524 8298616 39511 87791
67181 14602 60484 63333
8335677 8366582 16104 42215
8362521 37629 8289652 53126
8300339 8307836 35925 8380416
8307993 48890 8377060 8285391
8346778 8290185 8352581 54474
8378200 30423 8337576 17392
21321 8346902 83892 8324441
8324143 19871 8320818 8316160
8350150 8357321 8320939 8371716
32757 8376155 8307715 8311238
86867 15341 8305055 8357437
93919 8285664 33971 8303859
8353761 93930 84587 27793
74886 8327727 8313017 8354956
76714 52939 8345258 79402
8342374 29225 67663 8366965
8364785 67779 8326076 72256
8311687 54242 8322337 8331409
54516 8343452 4459 8316009
29604 30804 8285228 21343
47800 34043 8362112 8335192
14278 8371556 94632 41015
17195 8379844 8355752 8378491
71960 85952 8314237 79773
8380416 8352635 8320777 8365628
8360550 89096 8330264 240
8348544 8332677 65351 8286253
8291314 8348245 8358262 76102
33901 75891 8364162 8343438
61614 8314623 8330924 8293454
22101 8353485 8347444 8345760
66186 8347291 13125 8346446
8314961 42134 8333585 8333230
8366417 5085 56274 8306635
22716 37310 93239 8301428
31137 76100 8350985 94491
17076 2527 8330538 15908
2317 8358461 24651 90661
21586 41541 8376819 49048
8765 8293228 29912 10228
8345986 18644 8319615 8334165
8286480 8317171 73616 8292655
8380416 59792 63501 63643
33189 8352964 8349393 8335526
8293277 7184 58155 61662
8294651 8375085 8336424 63342
8326307 8327198 7124 8330003
54192 40352 8365221 8297857
8301904 8302844 45365 37527
8352031 8361804 8329496 8359493
8376363 12559 8315528 64513
8301724 13182 8302747 8306190
34902 8373576 20975 94489
62701 496 8291011 77190
8297716 74629 8286046 28086
55832 8348603 84323 68327
36038 33285 8376302 41574
46937 35890 86962 8302253
8378652 39481 24019 8325928
87692 51122 8364315 38555
8332639 74560 8350353 8324599
8374357 8329029 8318473 84009
27110 53673 8298368 8287619
33523 8336714 8337092 8316073
8360272 8325132 69225 8331822
8342062 94275 87539 70676
16023 8294072 9469 76023
84996 37237 5710 8292625
8322428 94238 8298660 8334785
8378574 8287775 8341295 8369085
8292326 64430 8380416 8325817
69541 79289 8307982 35300
8296031 8321708 5932 8332746
8380416 8290945 8354691 8288517
8295410 68170 8304736 8355843
8296349 3466 16216 92516
8315225 8331321 8308239 8327762
67202 42251 8297843 8317773
61071 78761 51362 8371711
75407 19368 8303092 8339824
8328473 12973 59783 8308007
8316444 8354412 8348032 82100
8370778 27427 8307199 8295393
8323341 24215 8294522 9056
65082 8327260 54093 8319563
8380416 8376164 16867 8329984
76202 8366869 46288 8311938
8350213 55178 39369 33650
23167 8373505 8365122 8321011
28449 8355021 51652 59094
8333580 8579 40858 8306221
6025 22568 88646 8304513
57550 8293384 8356043 8319830
8316394 8326987 8313575 7844
3884 82771 64999 3854
86756 28023 79505 91316
4355 8368112 41643 38669
45469 63645 8369020 56834
8308394 8295618 8340445 8328565
63208 94865 8365132 15949
8320077 8380416 8358199 45472
39109 59111 8320594 6214
81371 3716 8327602 10824
8358537 8304562 27081 8366040
19036 8300049 8333380 41020
8361524 57972 8373253 8330733
36591 47845 44588 8326586
8367434 8305157 3483 8330126
17750 8309774 80154 8379463
88449 91984 8380416 49555
8331108 34919 25864 8359069
53434 38898 9638 8366522
8301895 8300169 8314092 12771
85503 8366597 8285702 86511
47685 51628 31656 30381
62620 8285754 65517 76050
80504 64009 8353629 8351008
73624 8366096 8504 8380416
8333279 59936 83256 8295488
8028 72325 5563 8326898
33375 8335797 71006 8322867
94521 31691 71790 8286728
33433 57774 8380019 59302
8296501 89896 42648 8314281
8325627 8343529 8349104 8340305
29700 22289 8313053 8357146
8340290 28516 8289346 8348026
8360807 8292734 8354289 8358704
8367295 20811 39834 8344894
8305707 4696 56191 8377340
8308863 8360515 8333735 8289380
8338886 8367817 8341839 8345255
33556 23378 58665 74602
8319685 32297 71432 3636
8351272 8363570 8314210 73721
8348685 23993 90330 8356233
95058 8296613 72361 24062
5174 83641 6126 38517
8298629 8367317 8325101 8348576
8333227 53058 8289146 45906
36375 30138 68739 8348969
17856 43039 8360236 55779
49272 8374286 8293037 8340714
8307173 8379529 8308712 76422
8353075 40119 8380416 8369721
29560 8288764 2086 8308952
37022 8374987 30419 66113
75698 8326982 8366599 10297
8328949 55657 1890 8310379
630 76222 8378127 25969
23364 8372493 8305743 85029
6692 687 35455 8321256
8338763 8336449 8350437 64594
65795 8328460 8321628 8347865
84717 52567 8366431 8296562
8349749 8305419 8329277 8295303
75666 8336543 8292429 26973
8354835 24177 8331693 42841
8361739 48136 38213 8295942
44884 34459 8361403 3825
8370617 79059 33264 36969
8312030 85090 58802 1135
86895 8321667 69697 8328414
8371660 29859 84654 74263
43126 8302575 8309101 8324210
35853 8335409 52938 8303710
8344512 12654 8377245 8360003
82491 58200 45059 57275
56539 8365508 7641 8343401
27991 8369485 16882 22083
73129 37630 8308905 93733
57011 8378745 8380416 8377257
74281 71436 53823 11302
11419 80488 8299737 8365485
8334123 8324698 74258 8315459
8365380 8293725 8338140 40296
65236 8379642 8357966 60950
57835 14753 8324372 8296314
10028 8319803 16937 8347920
8324685 65396 34682 8347663
70623 8322380 62509 8338711
90094 8367263 49283 34434
8224 8359236 8293861 86542
8333275 8322679 38944 52167
20584 8376325 29892 90245
8334577 89738 27914 11316
8345701 1569 53608 8312308
82929 8353288 26598 36596
8308069 18165 8317836 8323256
90352 8336519 8353347 45045
29685 44941 8365964 8315296
8292919 8336844 63728 57058
8285237 8292131 8326006 8346073
8344654 8289505 39632 8354921
59698 8286408 83860 8319572
11777 8335041 38272 9522
39025 8356675 36141 73722
8337466 26296 28602 75815
35541 14204 61121 53930
79275 45775 5319 27884
40271 89556 15849 77506
31772 8352392 52037 8354559
8370061 61961 8329114 52705
43475 49358 30764 40137
89971 8322841 62914 58634
19787 28213 8358952 8317096
8350730 8348376 72603 374
27229 8296398 8367381 24798
8318005 8314358 8295035 67252
8375905 85282 8370530 39447
8308013 8299973 8328386 68953
73135 13806 5607 8292398
8341923 8312916 8353221 8288997
8286640 19925 4903 10217
67333 2078 92387 8345370
39088 8321577 58508 8371692
8329822 26971 8292095 8343957






























6564087 667030 5571950 798518
1947486 3230941 7151449 5120279
480699 3893495 1110561 4396790
5815212 180427 510115 4285692
5515924 6269912 3974933 552499
1376748 2531738 1804082 7363403
3563873 7278169 6860687 6031558
5067180 770190 3971900 4050508
707472 521584 7250323 4814865
2395136 1463982 6570366 158987
410200 5372400 5143520 6621225
2324154 4209230 4778988 2103513
7651748 5171336 6449668 1263323
540515 4246683 5333073 7181479
1836186 2516370 6229205 1646150
6368387 4445684 2138429 338819
4678925 2387679 3879952 3655689
5121271 7184492 779019 7087442
3663607 1478539 6053185 3112165
6599342 3082016 1745295 8086306
551662 3364311 112839 3614042
7343854 6903215 5773061 3839997
1819788 1869377 5261702 3037863
4963900 5385580 4183512 142832
6824169 2561573 6021115 3754704
522811 8090789 2816414 7409706
6693513 2972466 8333476 7351208
6638288 5763954 4347099 7203792
3523962 6199205 5335160 4239965
1355356 488318 2061436 7731177
6551406 4746049 2415492 8006345
2939079 7018189 2596359 1300444
6510141 2804800 7067475 4329882
5250800 8145753 2065593 8101306
2468368 1858015 6337521 512934
4766187 8034918 6273378 8324982
4230731 5316583 6365112 5794105
771382 2394225 6324832 468726
67179 6109442 6917186 1587029
1288514 3604970 2111202 6517983
7410199 1561337 3908994 7100282
110398 4498567 4416595 8360082
1451289 1763054 6662879 7523532
5489811 4099978 7209796 5958870
3426140 6506196 528545 6112244
3830600 4728086 7321524 324959
1467442 4591016 6035242 5649659
7397836 5119424 4511663 753142
794608 5709673 7545854 7739836
6943568 1348591 115094 6833716
2189019 2190821 5176497 113894
2258900 1808115 7893615 3837083
6169739 6232613 7170225 6640791
1600420 4624067 5297837 1603113
1676135 4600373 5400656 2081660
7602937 4829357 4135879 1976887
1645446 5958641 5655844 712837
5006584 3010460 8003949 7744617
6314926 7077978 4666430 211798
2142909 4986121 934020 7763810
776154 2848093 4094385 1564723
207661 2094525 6832040 378989
262433 5228475 2409864 6174632
8305130 6257524 4321026 7413303
7408239 5041149 4330514 2285803
1301379 523661 255815 4667441
6196208 920165 7024998 3123531
1557626 3313771 1507458 5296016
6727851 4124411 140970 6388812
5164624 5877450 347947 2060447
5208712 4538016 6488887 3203905
4124758 1565825 2429199 6809511
4366665 6671330 5579741 497619
6117555 6703550 7330891 6015839
7459244 647487 5113093 7903521
7826098 4764124 5283102 3825189
3049736 7977525 215115 6375964
6687835 1184337 3234278 1191827
3818041 6959979 6315218 8200181
3012985 1542360 2796159 5667665
286977 1270008 264079 5816608
8331426 3869081 253966 63650
5366188 5495996 1111767 716957
7150483 5530650 2343719 1204447
4675827 6470437 7384109 2920284
8135844 1089569 5530583 2235155
244649 4611486 5508263 6393209
5825869 2588907 7663928 5560975
5304597 5504849 2044176 6454844
5900343 6488337 1458833 4826118
6778014 7822210 7921815 3354137
4606031 5326161 6877681 475415
6728926 2095611 6767291 7886225
4488418 455561 667485 6884801
6912530 730041 4084075 5782260
5940416 6509056 7423967 3660394
7284572 5368887 4086710 7349939
1331480 1753644 1738203 6992680
4087435 2336686 5888272 229008
6237527 455483 3969670 7943661
2279511 2234168 5271049 6750250
5741032 2339232 4489090 6382974
3842786 908607 1099463 2030747
3979603 3182611 2926182 713269
2437680 2189377 5420532 1403920
4777631 7151295 7818485 4266226
5798898 7084405 1148488 6387982
1275263 7712784 5060773 6811078
6854873 5811743 4151094 2274248
3530734 7492540 8331019 2230971
640939 7126440 1641734 3273166
2582123 2798253 3434267 4333003
8338621 100994 1497994 8098044
6962165 4448858 8114290 5117940
4106148 3622289 587610 663910
4886874 2998313 2403846 3566161
6352535 4613392 5440903 7174991
1584790 4078515 7479457 6086136
5408392 1733541 1065432 3578209
8138015 7441066 1393023 5831983
4507138 2450045 3015052 2939054
4942432 7836470 879122 5247974
4704524 6690468 4675705 770922
7493173 2422873 6148943 4510270
8317532 1519454 4016612 4139775
647584 2462481 3093708 5264527
7397891 4245378 1753544 4414319
6498939 183551 6270025 7559147
4218669 6450381 1956292 6344397
6809858 1722768 7468947 2782777
3624846 3450926 469585 1257329
438493 7341056 1880267 5843798
1459697 5089113 4504285 6864548
7622434 5415751 2541040 194311
3515112 1932654 2555533 281782
2289912 178157 7660207 419596
4997546 7682209 2845570 6723061
7546536 2772156 5483487 5090660
1396452 6380168 556090 2491974
5463119 8328702 3787068 997794
7086294 6725359 4892241 5529661
4271592 4193911 6803904 3820094
1311368 1066920 27082 1128417
4018795 5252627 7190592 1183802
2076220 6152823 2278409 712176
3464940 1571574 7663150 3755450
2653509 6019592 384413 2235268
970067 2976787 3508489 2284613
5802352 4282195 8365692 6715789
6045545 4034658 5930244 740517
5767356 5371886 1533342 5890485
6587713 2776703 505064 4393444
1990125 176646 667144 276976
2142762 2527652 2507700 3268266
62615 7333429 8255467 5789979
3699304 5016082 354143 4541741
5597057 7413780 3817794 8342374
5285859 2916888 2749752 676939
388957 8071817 767422 8136440
5175906 4907440 6737250 1275690
8284466 6507463 5023844 3144217
1747601 1581487 7618171 1392548
2201665 5232412 5566107 5457320
6611449 5296103 6444455 5673799
3077125 1736451 3741930 3976476
7007051 4028253 6384686 1491317
1313636 7340419 1878511 7025445
1510596 401733 7848858 4345140
2401340 1718880 3294079 187383
6404227 5122626 7762328 5813353
3958232 368318 7008601 1107624
3842849 1737583 7105829 4455280
1462977 6508061 452347 4003387
5113387 1316395 124252 4835324
4729873 976323 3518671 1309068
7142225 1630380 3691180 2690545
6861876 1797819 4958199 7847548
2775176 4938970 5658608 3967893
2428841 2338625 2194275 5188432
4226572 6505922 8068224 6444332
4398526 4423701 2455864 5960163
6525050 2279434 6197916 2436336
3164632 4760720 690152 6552193
7400744 3278004 8350237 5703224
2315127 7907855 4763680 4309209
4798624 1327822 6506209 6922801
1980337 708430 4938236 1343546
7567081 4055398 2668391 7738968
4952692 6742462 6092560 1549690
5927761 3420417 2972747 465947
3815967 1905326 3273348 3940567
6053198 2432059 3207913 7111758
4256016 3376402 512612 7586007
1989357 1385814 1890636 4868203
3016761 3353346 2805833 7914378
7694227 4908195 5245005 4407630
1688597 4023913 7188892 1947479
4742915 7666701 5752155 2010623
1949530 224925 7028143 7812852
4370877 3888317 1747433 417909
7740627 85091 1582504 4953195
1610621 512640 6735945 7376091
5324225 4029607 84658 1788435
3090563 2207739 7547238 6990974
797706 2811964 2909912 4113490
4344759 6869370 3044251 7217210
4844087 7486303 6901768 2342836
2532578 7222718 6483415 8152923
3265875 5702990 5349877 2117189
8263076 1942258 5642411 3331617
7294631 950647 8325001 5901220
264750 642815 7481899 3439662
2868375 4651629 3728596 4937125
7191331 2039383 3883558 1458753
2841920 6008154 5862110 2325872
3112659 1713401 8167484 3108365
7485928 1347993 5848332 7724917
8199978 1082182 4397609 6633725
6800970 8255341 3082103 1871901
4451295 3751231 3490874 2624794
5232625 7414942 4620408 4415105
2293792 1312052 6389228 3895822
3571670 5084789 7467043 5004247
5544051 3805177 7838909 7708788
3001583 4851321 789767 4582448
6821975 3239452 5005667 2979307
7130094 734712 7454682 227050
499047 3256060 3556226 895157
5232882 5289092 1877572 5568507
601074 1759121 6270869 3934628
2769464 1480142 6158579 8247024
7523379 1625891 4516713 6822364
8154186 6384871 4229840 355431
3868965 5238963 7892882 510540
392701 4716214 5180796 2485548
7467126 6261589 8035634 645107
6432830 26295 8218562 6170659
1940184 3252088 5775029 3291814
7888303 7664340 7052477 4408548
4420952 2184662 3063258 8267446
4412458 4543107 7289667 1307381
5513098 1585669 3186578 6718948
5376467 620746 5554221 230589
5613416 4132640 7110081 6915330
6495549 599617 930869 6602933
2446348 5491404 6357911 7238002
3646048 4106179 8176911 4595935
1080366 3552769 105086 4066990
376427 3894568 5894505 7277078
3165495 110017 1281230 2164055
2549162 2299367 1719780 3911726
8151449 5646420 7019975 1051354
1620393 781778 3242801 6866928
2733816 3430428 5615835 3202840
6514860 2798113 3296391 2848229
2615902 4979044 2387692 6248851
8380411 4 0 2
5 8380416 8380407 8380415
2 12 1 3
8380390 8380402 16 3
6 11 1 8380408
9 8380404 12 22
8380416 8380407 2 8380407
8380411 8380398 0 8380416
3 8380401 8380413 8380411
11 8380414 8380412 8380409
1 7 8 8380413
6 6 13 8380405
8380416 5 3 8380409
6 2 7 3
8380414 0 4 2
7 0 8380400 8380410
8380410 8380414 1 8380408
8380413 12 8380416 7
8380409 4 8380408 4
8380409 10 8 8380408
8380412 8380413 8380410 8380411
6 7 10 2
11 8380412 8380405 8380415
8380408 8380409 8380413 8380412
8380407 8380413 7 3
8380405 8380416 1 4
1 10 2 3
8380408 1 13 9
8380407 11 8380412 13
3 3 1 3
9 8380414 8380403 6
8380416 8380413 6 8380412
9 8380408 3 8380411
6 8380414 8380411 8380412
3 8380414 9 8380415
8 8380401 9 8380411
8380408 2 0 8380403
2 8380411 9 7
8380415 8380409 8380415 8380401
6 8380406 8380411 8380409
8380416 8380413 15 8380405
12 12 8380415 5
1 8380405 8380413 8380415
8380411 2 0 12
5 8380414 8380411 4
8380416 1 0 7
4 9 8380410 8380413
7 8380409 5 8380404
8380412 15 8380413 8380408
8380414 2 8380409 8380409
8380413 6 8380415 8380405
8380405 9 4 10
5 8380408 8380410 12
8380411 8380409 4 8380416
2 12 1 8
9 8380395 12 8380408
0 15 4 8380406
4 1 2 1
10 6 19 8380408
5 14 5 11
20 8380411 9 8380413
2 8380411 1 8380404
9 8380412 12 11
4 8380411 8380411 8380413
10 8380406 8380412 8380412
4 9 0 5
8380416 17 8380402 5
13 8380409 1 3
8380414 8380414 8380416 8380416
8380412 8380415 8380409 0
8380415 6 8380403 8380405
6 8380396 8380416 8380411
8380410 5 11 9
8380408 0 20 8380397
11 8380412 8380414 6
8380415 8380414 8380406 1
8380412 8380410 0 8380408
9 12 8380405 8380412
8380413 0 8380411 1
8380409 4 1 8380414
8380403 6 8380416 8380403
6 9 1 7
7 8380410 7 8380409
8380408 10 8380413 1
8380410 8380410 6 8380399
2 4 3 1
8380410 8380415 3 8380410
8380415 8380401 3 8380409
8380408 6 8380410 8380409
13 2 10 5
3 4 8380414 12
8380410 10 2 8380415
8380402 11 8380410 11
8380400 4 0 11
8380411 8380416 8 13
8380411 8380412 8380403 4
3 5 4 7
8380414 8380404 8 1
8380416 8380413 8380407 8380406
8380410 8380412 8380407 8380408
3 8380405 1 1
2 8380408 3 8380413
8380400 8380407 4 8380404
4 8 8380414 8
3 8380415 1 8380413
8 8 8380409 8380412
8380399 0 8380411 8380415
4 8380403 2 6
12 1 8 12
9 14 8380409 3
6 8380400 8380410 8380395
13 2 8380400 2
8 2 8 8380409
4 16 19 8380403
8 7 2 2
2 8380402 8380409 0
21 5 21 3
7 10 8380416 8380411
8380410 8380414 8380390 8380403
7 8380414 8380409 9
8380392 18 13 8380411
7 19 20 6
0 13 0 10
8380412 8380415 2 8380405
8380415 8380412 1 0
8380407 8380414 8380413 14
8380416 8380409 8380416 8380414
8380413 8380416 8 8380410
12 1 0 8380408
8380408 13 8380410 13
5 6 11 8380402
15 8380410 1 1
8 15 8380408 0
8380407 8380405 9 8380410
4 8380408 8380413 2
8380406 8380415 4 8380416
13 4 7 8380404
8380416 8380412 3 8380401
8380413 8380408 8380400 8380410
3 11 6 2
17 8 0 8380408
13 8380404 15 8380407
0 8380408 1 10
15 3 8380414 8380415
9 3 5 4
8380414 17 2 1
8380413 4 2 8380408
8380414 6 8380400 8380416
8380400 3 11 8380411
6 8380412 8380413 9
2 8380413 8380409 8380413
8380412 8380408 8380414 1
8380399 2 3 1
8380390 8380409 12 8380414
8380412 8380413 8380415 9
8380401 9 3 14
8380394 5 10 5
5 8380409 0 12
1 4 3 7
3 8380413 4 8380409
8380410 8380413 8380407 18
8380409 1 9 8380415
13 8380405 3 0
8380416 8380416 8380409 8380408
1 8380403 14 3
10 8380410 8380398 8380413
8380415 6 8380416 8380407
6 8380411 0 8380408
18 8 0 8380413
5 0 8380403 6
19 8380407 11 2
13 29 8380413 6
8380414 8380405 8380404 7
4 8380411 8380412 3
5 10 8380406 4
8380416 8 3 8380404
8380415 2 9 7
4 6 4 8380407
8380416 8380416 8380395 8380415
8380406 8 8380414 4
8380415 8380407 13 0
2 8380414 8380401 7
8380405 8 1 8380412
8380407 8380414 6 0
8380416 20 8380411 2
2 4 14 8380401
8380416 9 8380407 1
8380406 8380414 5 8380399
8380415 0 2 9
13 8380406 8380414 8380407
8380412 8380416 5 8380401
4 8380412 5 8380413
13 7 9 8380416
0 8380416 8380399 8380411
5 8380409 13 4
1 5 1 8380402
3 8380409 8380401 8380415
8380410 5 22 8380411
6 2 8380406 3
5 8380395 8380410 12
8380407 1 8380407 8380413
14 8380415 8 8380415
8380407 4 4 8380413
13 13 8380411 13
8380414 12 14 8380406
8380409 12 8380416 8380409
8380413 7 5 8380410
7 8380412 8380415 8380404
8380413 2 3 2
8380412 8380405 3 8380413
8380405 8380416 2 8380413
5 8380404 8380397 8
8380413 5 8380413 8380410
8380410 8380415 20 8380416
8380414 8380415 3 8
8380416 0 8380400 8380408
8380414 8380409 8380410 8380413
8380415 12 0 8380399
8380415 8380410 8380414 15
0 8380405 13 4
3 0 8380406 8380416
0 8380402 8 0
8380413 8380416 3 16
11 8380406 8380410 8380400
8380416 8380400 8380414 8380413
8380404 8380412 8380412 8380409
8380414 8380402 8380405 8380407
3 7 8380408 8380415
2 8380415 2 6
8380414 4 10 5
2 3 3 14
8380416 1 8380405 4
8380414 7 0 8380416
8380404 8380397 8380415 8380410
8380413 8380407 8380413 8380411
5 19 5 8380410
5 8380416 8 8380413
3 8380413 8380405 8380413
4 5 8380407 8380409
9 2 8380402 8380405
14 8380413 8380415 8380408
8380415 8380413 8380410 3
0 8380413 1 8380405
8380406 8 8380416 8380409
8380403 12 14 14
3 8380406 8380413 8380413
3 8380407 8380412 1
8380411 12 4 8380411
11 6 8 8380416
11 8380414 13 8380415
8380412 8380410 8380414 1
8380408 1 3 8380407
8380411 8380414 10 7
8380404 8380415 8380409 8380416
8380413 8380410 8380412 8380411
1 9 8380399 8380416
88317 8285587 48494 36660
42841 8373471 8294244 8358170
8289722 84203 8348193 16115
8291272 8370395 8319124 8285434
8372879 8365006 8355605 8361533
43491 55719 89894 8315702
8325475 40547 3981 8317137
8305075 8353 8352573 50765
8326030 8330625 12695 53271
8299510 8320690 94595 8348948
29271 39401 984 8335406
38580 19016 17375 8421
33189 28803 8354306 8310500
8349534 56473 74 8324261
8311966 40338 8324306 8312389
83068 65012 43342 8338315
8297749 8292067 70671 36882
8359164 8327265 17164 40267
44799 8335240 8338763 64737
8313527 34582 31111 86827
8360692 8316380 8302799 8375649
8296169 46504 59131 30715
8295554 8345159 8309139 8370858
11845 52596 8373725 8332790
8347892 85545 8306677 8325838
8331848 91302 8339870 8362023
27272 8305449 8333474 8303526
8352474 50033 8346831 8346568
8285573 8294299 2173 49744
22105 8297340 8346748 8302567
75621 8364869 8319891 6851
82120 8351442 8310274 8347618
34356 8328266 20304 8329633
8298219 8336221 8350912 8291776
8372750 8333795 52200 8321961
4579 35446 8368474 8324988
40532 8364006 79800 80199
9524 8298616 39511 87791
67181 14602 60484 63333
8335677 8366582 16104 42215
8362521 37629 8289652 53126
8300339 8307836 35925 8360077
8307993 48890 8377060 8285391
8346778 8290185 8352581 54474
8378200 30423 8337576 17392
21321 8346902 83892 8324441
8324143 19871 8320818 8316160
8350150 8357321 8320939 8371716
32757 8376155 8307715 8311238
86867 15341 8305055 8357437
93919 8285664 33971 8303859
8353761 93930 84587 27793
74886 8327727 8313017 8354956
76714 52939 8345258 79402
8342374 29225 67663 8366965
8364785 67779 8326076 72256
8311687 54242 8322337 8331409
54516 8343452 4459 8316009
29604 30804 8285228 21343
47800 34043 8362112 8335192
14278 8371556 94632 41015
17195 8379844 8355752 8378491
71960 85952 8314237 79773
8305126 8352635 8320777 8365628
8360550 89096 8330264 240
8348544 8332677 65351 8286253
8291314 8348245 8358262 76102
33901 75891 8364162 8343438
61614 8314623 8330924 8293454
22101 8353485 8347444 8345760
66186 8347291 13125 8346446
8314961 42134 8333585 8333230
8366417 5085 56274 8306635
22716 37310 93239 8301428
31137 76100 8350985 94491
17076 2527 8330538 15908
2317 8358461 24651 90661
21586 41541 8376819 49048
8765 8293228 29912 10228
8345986 18644 8319615 8334165
8286480 8317171 73616 8292655
8331420 59792 63501 63643
33189 8352964 8349393 8335526
8293277 7184 58155 61662
8294651 8375085 8336424 63342
8326307 8327198 7124 8330003
54192 40352 8365221 8297857
8301904 8302844 45365 37527
8352031 8361804 8329496 8359493
8376363 12559 8315528 64513
8301724 13182 8302747 8306190
34902 8373576 20975 94489
62701 496 8291011 77190
8297716 74629 8286046 28086
55832 8348603 84323 68327
36038 33285 8376302 41574
46937 35890 86962 8302253
8378652 39481 24019 8325928
87692 51122 8364315 38555
8332639 74560 8350353 8324599
8374357 8329029 8318473 84009
27110 53673 8298368 8287619
33523 8336714 8337092 8316073
8360272 8325132 69225 8331822
8342062 94275 87539 70676
16023 8294072 9469 76023
84996 37237 5710 8292625
8322428 94238 8298660 8334785
8378574 8287775 8341295 8369085
8292326 64430 8331027 8325817
69541 79289 8307982 35300
8296031 8321708 5932 8332746
8338613 8290945 8354691 8288517
8295410 68170 8304736 8355843
8296349 3466 16216 92516
8315225 8331321 8308239 8327762
67202 42251 8297843 8317773
61071 78761 51362 8371711
75407 19368 8303092 8339824
8328473 12973 59783 8308007
8316444 8354412 8348032 82100
8370778 27427 8307199 8295393
8323341 24215 8294522 9056
65082 8327260 54093 8319563
8317534 8376164 16867 8329984
76202 8366869 46288 8311938
8350213 55178 39369 33650
23167 8373505 8365122 8321011
28449 8355021 51652 59094
8333580 8579 40858 8306221
6025 22568 88646 8304513
57550 8293384 8356043 8319830
8316394 8326987 8313575 7844
3884 82771 64999 3854
86756 28023 79505 91316
4355 8368112 41643 38669
45469 63645 8369020 56834
8308394 8295618 8340445 8328565
63208 94865 8365132 15949
8320077 8328691 8358199 45472
39109 59111 8320594 6214
81371 3716 8327602 10824
8358537 8304562 27081 8366040
19036 8300049 8333380 41020
8361524 57972 8373253 8330733
36591 47845 44588 8326586
8367434 8305157 3483 8330126
17750 8309774 80154 8379463
88449 91984 8365681 49555
8331108 34919 25864 8359069
53434 38898 9638 8366522
8301895 8300169 8314092 12771
85503 8366597 8285702 86511
47685 51628 31656 30381
62620 8285754 65517 76050
80504 64009 8353629 8351008
73624 8366096 8504 8342369
8333279 59936 83256 8295488
8028 72325 5563 8326898
33375 8335797 71006 8322867
94521 31691 71790 8286728
33433 57774 8380019 59302
8296501 89896 42648 8314281
8325627 8343529 8349104 8340305
29700 22289 8313053 8357146
8340290 28516 8289346 8348026
8360807 8292734 8354289 8358704
8367295 20811 39834 8344894
8305707 4696 56191 8377340
8308863 8360515 8333735 8289380
8338886 8367817 8341839 8345255
33556 23378 58665 74602
8319685 32297 71432 3636
8351272 8363570 8314210 73721
8348685 23993 90330 8356233
95058 8296613 72361 24062
5174 83641 6126 38517
8298629 8367317 8325101 8348576
8333227 53058 8289146 45906
36375 30138 68739 8348969
17856 43039 8360236 55779
49272 8374286 8293037 8340714
8307173 8379529 8308712 76422
8353075 40119 8350231 8369721
29560 8288764 2086 8308952
37022 8374987 30419 66113
75698 8326982 8366599 10297
8328949 55657 1890 8310379
630 76222 8378127 25969
23364 8372493 8305743 85029
6692 687 35455 8321256
8338763 8336449 8350437 64594
65795 8328460 8321628 8347865
84717 52567 8366431 8296562
8349749 8305419 8329277 8295303
75666 8336543 8292429 26973
8354835 24177 8331693 42841
8361739 48136 38213 8295942
44884 34459 8361403 3825
8370617 79059 33264 36969
8312030 85090 58802 1135
86895 8321667 69697 8328414
8371660 29859 84654 74263
43126 8302575 8309101 8324210
35853 8335409 52938 8303710
8344512 12654 8377245 8360003
82491 58200 45059 57275
56539 8365508 7641 8343401
27991 8369485 16882 22083
73129 37630 8308905 93733
57011 8378745 8324999 8377257
74281 71436 53823 11302
11419 80488 8299737 8365485
8334123 8324698 74258 8315459
8365380 8293725 8338140 40296
65236 8379642 8357966 60950
57835 14753 8324372 8296314
10028 8319803 16937 8347920
8324685 65396 34682 8347663
70623 8322380 62509 8338711
90094 8367263 49283 34434
8224 8359236 8293861 86542
8333275 8322679 38944 52167
20584 8376325 29892 90245
8334577 89738 27914 11316
8345701 1569 53608 8312308
82929 8353288 26598 36596
8308069 18165 8317836 8323256
90352 8336519 8353347 45045
29685 44941 8365964 8315296
8292919 8336844 63728 57058
8285237 8292131 8326006 8346073
8344654 8289505 39632 8354921
59698 8286408 83860 8319572
11777 8335041 38272 9522
39025 8356675 36141 73722
8337466 26296 28602 75815
35541 14204 61121 53930
79275 45775 5319 27884
40271 89556 15849 77506
31772 8352392 52037 8354559
8370061 61961 8329114 52705
43475 49358 30764 40137
89971 8322841 62914 58634
19787 28213 8358952 8317096
8350730 8348376 72603 374
27229 8296398 8367381 24798
8318005 8314358 8295035 67252
8375905 85282 8370530 39447
8308013 8299973 8328386 68953
73135 13806 5607 8292398
8341923 8312916 8353221 8288997
8286640 19925 4903 10217
67333 2078 92387 8345370
39088 8321577 58508 8371692
8329822 26971 8292095 8343957
